32
0 0 1.56 0 0 0 0 0 0 0 0 0
0 0 1.56 0 -28 0 0 34 -15 11 -20 25
0 -0.08 1.56 0 -41 0 35 -22 -15 26 -29 29
0 -0.08 1.56 0 -41 0 -19 28 -15 26 -29 29
0 -0.08 1.56 0 -41 0 -19 28 -15 -65 -29 29
0 -0.08 1.56 0 -41 0 7 -26 -15 -73 -29 29
0 -0.08 1.56 0 -41 0 -28 16 -15 -55 -29 29
0 -0.08 1.56 0 -41 0 -6 -14 -15 -10 -29 29
0 -0.08 1.56 0 -41 0 -6 -14 -15 15 -29 29
0 -0.08 1.56 0 -41 0 -6 -34 -15 -35 -29 29
0 -0.08 1.56 0 -41 0 -6 -13 -15 -71 -29 29
0 -0.08 1.56 0 -41 0 -6 -13 -20 -49 -27 29
0 -0.08 1.56 0 -41 0 -6 -13 -20 1 -27 29
0 -0.01 1.56 0 -9 0 -6 29 2 2 26 -28
0 -0.05 1.56 0 -9 0 28 29 19 -17 54 -53
0 -0.17 1.56 0 -9 0 -1 -27 39 -43 73 -68
0 -0.18 1.56 0 -9 -20 25 -47 39 -43 73 -68
0 -0.21 1.56 0 -9 -103 41 -47 -18 -17 -7 -20
0 -0.21 1.56 0 -9 -103 41 2 -18 -17 -7 -20
0 -0.21 1.56 0 -9 -103 41 -62 -18 -17 -7 -20
0 -0.21 1.56 0 -9 -103 41 -10 -18 -17 -7 -20
0 -0.16 1.56 0 -9 -74 41 -20 40 -49 45 3
0 -0.08 1.56 0 -9 -45 59 -20 67 -49 76 -35
0 -0.06 1.56 0 -9 -39 35 -50 50 -23 22 4
0 -0.02 1.56 0 -9 -4 0 -50 6 -14 32 -29
0 0.05 1.56 0 -9 -4 -37 16 -17 14 7 -11
0 0.02 1.56 0 -22 -4 10 39 -32 14 7 -11
0 0.02 1.56 0 -22 -4 -5 -21 -32 -82 7 -11
0 0.02 1.56 0 -22 -4 -5 -21 -17 -97 7 -11
0 0.02 1.56 0 -22 -4 -5 56 -17 -61 7 -11
0 0.02 1.56 0 -22 -4 -5 56 -17 -93 7 -11
0 0.02 1.56 0 -4 -4 -5 -29 -17 9 7 -11
